[0.77818639 0.62554324 0.05587127]
[ 0.68302856  0.6644106  -0.30336536]
[ 0.52607297  0.66820241 -0.52607297]
[ 0.2677246   0.63193349 -0.72731259]
[-0.52415224  0.2508726  -0.81383497]
[-0.82780538 -0.53474855  0.16965332]
[-0.5550482  -0.61955064  0.5550482 ]
[-0.19197323 -0.55779546  0.80747167]
[0.7426653  0.06604982 0.66639754]
[ 0.7798379   0.58603074 -0.22004734]
[ 0.54603857  0.63536112 -0.54603857]
[ 0.21575964  0.58177421 -0.78421078]
[-0.69737886  0.01656902 -0.71651112]
[-0.79094204 -0.57507278  0.20905021]
[-0.54815223 -0.63171059  0.54815223]
[-0.2101924  -0.5762171   0.78980568]
[0.70948871 0.00414314 0.70470462]
[ 0.78811204  0.57791271 -0.21188748]
[ 0.54761569  0.63264059 -0.54761569]
[ 0.21160647  0.57763183 -0.78839341]
[-0.70650813  0.0010358  -0.70770417]
[-0.78881613 -0.57720923  0.21118384]
[-0.54774931 -0.63240919  0.54774931]
[-0.21125437 -0.57727977  0.78874562]
[7.07256247e-01 2.58950223e-04 7.06957237e-01]
[ 0.7886399  0.5773855 -0.2113601]
[ 0.54771587  0.63246711 -0.54771587]
[ 0.21134248  0.57736789 -0.78865752]
[-7.07069402e-01  6.47375591e-05 -7.07144155e-01]
[-0.78868394 -0.57734146  0.21131606]
[-0.54772423 -0.63245264  0.54772423]
[-0.21132046 -0.57734586  0.78867954]
[7.07116125e-01 1.61843898e-05 7.07097437e-01]
[ 0.78867293  0.57735247 -0.21132707]
[ 0.54772214  0.63245626 -0.54772214]
[ 0.21132597  0.57735137 -0.78867403]
[-7.07104445e-01  4.04609746e-06 -7.07109117e-01]
[-0.78867569 -0.57734972  0.21132431]
[-0.54772266 -0.63245535  0.54772266]
[-0.21132459 -0.57734999  0.78867541]
[7.07107365e-01 1.01152436e-06 7.07106197e-01]
[ 0.788675    0.57735041 -0.211325  ]
[ 0.54772253  0.63245558 -0.54772253]
[ 0.21132493  0.57735034 -0.78867507]
[-7.07106635e-01  2.52881098e-07 -7.07106927e-01]
[-0.78867517 -0.57735023  0.21132483]
[-0.54772256 -0.63245552  0.54772256]
[-0.21132485 -0.57735025  0.78867515]
[7.07106818e-01 6.32202651e-08 7.07106745e-01]
[ 0.78867513  0.57735028 -0.21132487]
[ 0.54772256  0.63245553 -0.54772256]
[ 0.21132487  0.57735027 -0.78867513]
[-7.07106772e-01  1.58050756e-08 -7.07106790e-01]
[-0.78867514 -0.57735027  0.21132486]
[-0.54772256 -0.63245553  0.54772256]
[-0.21132486 -0.57735027  0.78867514]
[7.07106783e-01 3.95125894e-09 7.07106779e-01]
[ 0.78867513  0.57735027 -0.21132487]
[ 0.54772256  0.63245553 -0.54772256]
[ 0.21132487  0.57735027 -0.78867513]
[-7.07106781e-01  9.87825787e-10 -7.07106782e-01]
[-0.78867513 -0.57735027  0.21132487]
[-0.54772256 -0.63245553  0.54772256]
[-0.21132487 -0.57735027  0.78867513]
[7.07106781e-01 2.46945501e-10 7.07106781e-01]
[ 0.78867513  0.57735027 -0.21132487]
[ 0.54772256  0.63245553 -0.54772256]
[ 0.21132487  0.57735027 -0.78867513]
[-7.07106781e-01  6.17476950e-11 -7.07106781e-01]
[-0.78867513 -0.57735027  0.21132487]
[-0.54772256 -0.63245553  0.54772256]
[-0.21132487 -0.57735027  0.78867513]
[7.07106781e-01 1.54251620e-11 7.07106781e-01]
[ 0.78867513  0.57735027 -0.21132487]
[ 0.54772256  0.63245553 -0.54772256]
[ 0.21132487  0.57735027 -0.78867513]
[-7.07106781e-01  3.86941199e-12 -7.07106781e-01]
[-0.78867513 -0.57735027  0.21132487]
[-0.54772256 -0.63245553  0.54772256]
[-0.21132487 -0.57735027  0.78867513]
[7.07106781e-01 9.52905761e-13 7.07106781e-01]
[ 0.78867513  0.57735027 -0.21132487]
[ 0.54772256  0.63245553 -0.54772256]
[ 0.21132487  0.57735027 -0.78867513]
[-7.07106781e-01  2.53319554e-13 -7.07106781e-01]
[-0.78867513 -0.57735027  0.21132487]
[-0.54772256 -0.63245553  0.54772256]
[-0.21132487 -0.57735027  0.78867513]
[7.07106781e-01 4.74549244e-14 7.07106781e-01]
[ 0.78867513  0.57735027 -0.21132487]
[ 0.54772256  0.63245553 -0.54772256]
[ 0.21132487  0.57735027 -0.78867513]
[-7.07106781e-01  2.78746691e-14 -7.07106781e-01]
[-0.78867513 -0.57735027  0.21132487]
[-0.54772256 -0.63245553  0.54772256]
[-0.21132487 -0.57735027  0.78867513]
[ 7.07106781e-01 -8.97428371e-15  7.07106781e-01]
[ 0.78867513  0.57735027 -0.21132487]
[ 0.54772256  0.63245553 -0.54772256]
[ 0.21132487  0.57735027 -0.78867513]
